Prognoze ARIMA+GARCH pentru eur_ron:
MAE: 0.0002638096107107552
MSE: 1.130022874349725e-07
RMSE: 0.0003361581286165374
MAPE: 1.0193043229999335
R^2: -0.00410192342479565
