Prognoze ARIMAX+GARCH pentru eur_ron:
MAE: 0.00030085940719916723
MSE: 1.5917951322080294e-07
RMSE: 0.0003989730733029523
MAPE: 1.210290004765936
R^2: -0.4144178761585422
